[
  50.71268,
  52.502976,
  57.196009,
  60.767418,
  66.59948,
  141.162635,
  143.942783,
  147.037858,
  151.169589,
  154.295627,
  157.284091,
  159.189155,
  162.60662,
  165.007732,
  167.028799,
  168.96465,
  174.914683,
  180.28156,
  183.552214,
  187.11627,
  202.048912,
  209.119755,
  214.033907,
  236.207558,
  240.2801,
  243.993712,
  248.258163,
  249.620623,
  253.597156,
  257.139076,
  258.681287,
  260.675699,
  263.699921,
  265.965375,
  267.661886,
  325.872405,
  332.975508,
  334.727931,
  338.673025,
  340.830223,
  343.092274,
  344.940483,
  347.089166,
  351.427431,
  353.746975,
  356.038038,
  359.014967,
  361.96923,
  367.139636,
  372.74311,
  386.764193,
  390.801733,
  393.72131,
  397.773853,
  400.627586,
  415.45684,
  420.679591,
  427.481529,
  429.521327,
  433.655584,
  442.833876,
  446.64408,
  451.818553,
  453.835793,
  458.587461,
  460.590826,
  463.821947,
  466.46099,
  478.136763,
  481.435722,
  485.336021,
  487.452044,
  492.642858,
  495.147789,
  498.251227,
  502.073994,
  507.569301,
  509.871366,
  511.277587,
  519.140463,
  522.871806,
  530.821752,
  534.145238,
  535.947948,
  540.867701,
  542.340296,
  557.57077,
  560.909842,
  563.508735,
  566.969924,
  569.740649,
  572.352569,
  574.497092,
  577.064248,
  585.62291,
  588.708627,
  600.854953,
  602.867723,
  605.072713,
  606.933059,
  610.590118,
  613.312015,
  615.116502,
  622.278714,
  625.024902,
  628.566722,
  630.528644,
  633.999903,
  635.92843,
  638.494736,
  643.465264,
  645.341223,
  646.841336,
  651.722631,
  655.918877,
  660.237322,
  661.90874,
  664.126289
]
